100 99
64 70
92 97
75 12
74 82
72 55
85 15
60 41
30 11
52 29
64 70
17 43
57 51
44 57
30 11
9 70
56 73
7 56
33 55
20 56
87 25
5 24
25 27
82 79
59 50
88 66
48 21
94 64
3 73
55 63
86 76
22 9
17 43
78 69
94 64
88 66
51 75
77 57
48 21
78 69
30 11
11 42
94 64
84 54
54 36
22 9
93 54
10 2
28 77
26 18
30 11
14 26
31 33
52 29
93 54
87 25
38 53
39 14
79 7
41 52
93 54
66 54
62 82
9 70
42 55
56 73
96 38
92 97
32 19
45 78
68 58
61 16
53 47
60 41
45 78
7 56
82 79
36 76
14 26
10 2
62 82
41 52
21 99
90 74
92 97
15 96
75 12
31 33
53 47
54 36
71 1
45 78
20 56
31 33
53 47
60 41
84 54
49 30
52 29
16 5